6.0 47.245 49.073 45.781 0.829
6.5 53.847 55.856 52.245 0.915
7.0 60.672 62.856 58.966 1.005
7.5 67.695 70.079 65.821 1.097
8.0 75.024 77.56 72.979 1.195
8.5 82.343 85.023 80.166 1.29
9.0 89.846 92.67 87.534 1.39
9.5 97.421 100.445 95.027 1.49
10.0 105.213 108.363 102.657 1.595
10.5 113.077 116.385 110.469 1.7
11.0 121.071 124.531 118.367 1.809
11.5 129.313 132.864 126.465 1.922
12.0 137.369 141.109 134.434 2.032
12.5 145.872 149.964 143.071 2.151
13.0 154.132 158.131 151.108 2.265
13.5 162.384 166.352 159.177 2.381
14.0 171.122 175.192 167.892 2.505
