6.0 13.0078413233 13.5111397452 12.6047620621 0.228246384952
6.5 14.825552582 15.3786852568 14.3844781445 0.251924538276
7.0 16.7046618429 17.3059768064 16.2349533595 0.276704001057
7.5 18.638285922 19.2946663583 18.1223224414 0.302034118567
8.0 20.6561601744 21.3543903702 20.0931157146 0.329016200262
8.5 22.6712811533 23.4091584894 22.0718934813 0.355172299865
9.0 24.7370623672 25.5145868438 24.100505501 0.382705036288
9.5 26.8226671512 27.6552571007 26.1635334413 0.410237772712
10.0 28.9680179734 29.8352991707 28.2642812304 0.439147145957
10.5 31.1331923657 32.0439752866 30.4151385998 0.468056519201
11.0 33.3341593154 34.2867919957 32.5896741225 0.498067201903
11.5 35.6034074515 36.5810949219 34.8192751181 0.529179194062
12.0 37.8214446977 38.85116904 37.0133588837 0.559465204128
12.5 40.1625532758 41.2891928503 39.3913613286 0.592229160472
13.0 42.4367573044 43.537791434 41.604167355 0.623616479995
13.5 44.7087587141 45.8012576954 43.825783857 0.655554454246
14.0 47.1145692228 48.2351515952 46.2252618363 0.689695047411
