5.0 10.2278609266 0.592229160472 0.449609585798 0.195207101243 0.195207101243
5.5 12.0265745972 0.677029988657 0.510456933294 0.219986564025 0.219986564025
6.0 13.898800674 0.769264655676 0.588925232101 0.245316681534 0.245316681534
6.5 15.8340767172 0.849109591304 0.637382848207 0.270922126408 0.270922126408
7.0 17.857457517 0.930606491118 0.716126474378 0.298179535468 0.298179535468
7.5 19.8406405216 1.02559443178 0.763758108391 0.32433563507 0.32433563507
8.0 21.9328531624 1.08919505292 0.816896289688 0.352694353586 0.352694353586
9.0 26.2954152487 1.24062510325 0.945749496151 0.411889736897 0.411889736897
9.5 28.4735300272 1.30229843284 1.00053964163 0.441625092235 0.441625092235
10.0 30.710840189 1.34855343003 1.05477913239 0.472186429665 0.472186429665
10.5 33.0376317441 1.42454378256 1.10461338532 0.50439973128 0.50439973128
11.0 35.2625521745 1.48621711215 1.1478397815 0.535511723439 0.535511723439
11.5 37.5590577196 1.54128258499 1.19657272497 0.567449697691 0.567449697691
12.0 39.9232937963 1.57597383289 1.25081221572 0.601039636127 0.601039636127
12.5 42.3208444841 1.63103930573 1.28054757106 0.635180229293 0.635180229293
13.0 44.5925705664 1.68968403432 1.27449036905 0.667393530908 0.667393530908
13.5 47.0567504763 1.70923227718 1.35378464995 0.703186088259 0.703186088259
14.0 49.4939483045 1.79843834319 1.36369643506 0.738152663517 0.738152663517
14.5 51.9537229766 1.79843834319 1.42564509201 0.774220548232 0.774220548232
