5.5 11.2330811335 0.359852865057 0.449058931069 0.204292904263 0.204292904263
6.0 13.0078413233 0.403079261242 0.503298421824 0.228246384952 0.228246384952
6.5 14.825552582 0.441074437506 0.55313267475 0.251924538276 0.251924538276
7.0 16.7046618429 0.469708483387 0.601314963492 0.276704001057 0.276704001057
7.5 18.638285922 0.515963480578 0.656380436339 0.302034118567 0.302034118567
8.0 20.6561601744 0.563044459863 0.698230195703 0.329016200262 0.329016200262
8.5 22.6712811533 0.599387671942 0.737877336153 0.355172299865 0.355172299865
9.0 24.7370623672 0.636556866114 0.777524476603 0.382705036288 0.382705036288
9.5 26.8226671512 0.659133709981 0.83258994945 0.410237772712 0.410237772712
10.0 28.9680179734 0.703736742987 0.867281197344 0.439147145957 0.439147145957
10.5 31.1331923657 0.718053765928 0.910782920893 0.468056519201 0.468056519201
11.0 33.3341593154 0.744485192894 0.952632680257 0.498067201903 0.498067201903
11.5 35.6034074515 0.784132333344 0.977687470402 0.529179194062 0.529179194062
12.0 37.8214446977 0.808085814033 1.02972434224 0.559465204128 0.559465204128
12.5 40.1625532758 0.771191947225 1.12663957445 0.592229160472 0.592229160472
13.0 42.4367573044 0.83258994945 1.10103412958 0.623616479995 0.623616479995
13.5 44.7087587141 0.882974857105 1.09249898129 0.655554454246 0.655554454246
14.0 47.1145692228 0.889307386483 1.12058237244 0.689695047411 0.689695047411
14.5 49.5484631227 0.910782920893 1.17674915474 0.724386295305 0.724386295305
