6.0 10.306 10.599 10.087 0.16
6.5 11.734 12.048 11.495 0.179
7.0 13.163 13.517 12.909 0.197
7.5 14.645 15.024 14.362 0.217
8.0 16.127 16.537 15.849 0.236
8.5 17.702 18.127 17.406 0.257
9.0 19.267 19.729 18.954 0.278
9.5 20.86 21.343 20.543 0.299
10.0 22.462 22.963 22.132 0.321
10.5 24.105 24.624 23.762 0.343
11.0 25.775 26.315 25.433 0.366
11.5 27.475 28.039 27.101 0.39
12.0 29.193 29.76 28.815 0.415
12.5 30.893 31.482 30.515 0.439
13.0 32.637 33.243 32.256 0.464
13.5 34.42 35.012 34.0 0.49
14.0 36.184 36.821 35.789 0.516
