6.0 9.90463 10.07894 9.77195 0.16
6.5 11.24851 11.42213 11.11176 0.179
7.0 12.58453 12.77674 12.45013 0.197
7.5 13.96837 14.16464 13.82306 0.217
8.0 15.34444 15.54626 15.22242 0.236
8.5 16.80681 16.9987 16.68617 0.257
9.0 18.2549 18.4581 18.13782 0.278
9.5 19.7234 19.922 19.62206 0.299
10.0 21.1951 21.386 21.1022 0.321
10.5 22.7032 22.8747 22.6191 0.343
11.5 25.7837 25.9554 25.7151 0.39
12.0 27.3517 27.4977 27.3006 0.415
12.5 28.8999 29.0404 28.8715 0.439
13.0 30.4797 30.6099 30.4732 0.464
13.5 32.0979 32.1845 32.0758 0.49
14.0 33.6903 33.7913 33.7184 0.516
