6.0 4.54812004566 4.6774232839 4.45147359796 0.0706092768586
6.5 5.17830784162 5.31687854745 5.07283523431 0.0789941284856
7.0 5.80893694556 5.96515997061 5.69684471855 0.0869376721322
7.5 6.46295537247 6.63021109702 6.33806521402 0.0957638317395
8.0 7.11697379937 7.29791007132 6.99429018083 0.104148683366
8.5 7.81203386845 7.9995897601 7.68140670626 0.113416150954
9.0 8.50268085772 8.70656514465 8.36455145986 0.122683618542
9.5 9.20568447044 9.41883622496 9.06578984067 0.13195108613
10.0 9.91265985499 10.1337551532 9.76702822147 0.141659861698
10.5 10.6377288667 10.8667677085 10.4863602295 0.151368637266
11.0 11.3747131939 11.6130195033 11.2237858647 0.161518720814
11.5 12.1249367606 12.3738344615 11.9598875759 0.172110112343
12.0 12.8831038708 13.1333254957 12.7162894543 0.183142811852
12.5 13.6333274375 13.8932578379 13.4665130209 0.193734203381
13.0 14.4029685552 14.6704011913 14.2348302147 0.20476690289
13.5 15.1898206842 15.4510750086 15.0044713325 0.21624091038
14.0 15.9682879616 16.2494011451 15.7939713093 0.227714917869
