6.0 4.54812004566 0.0966464477002 0.129303238247 0.0706092768586 0.0706092768586
6.5 5.17830784162 0.105472607308 0.138570705835 0.0789941284856 0.0789941284856
7.0 5.80893694556 0.112092227013 0.15622302505 0.0869376721322 0.0869376721322
7.5 6.46295537247 0.124890158444 0.167255724559 0.0957638317395 0.0957638317395
8.0 7.11697379937 0.122683618542 0.18093627195 0.104148683366 0.104148683366
8.5 7.81203386845 0.130627162188 0.187555891656 0.113416150954 0.113416150954
9.0 8.50268085772 0.138129397855 0.203884286929 0.122683618542 0.122683618542
9.5 9.20568447044 0.139894629776 0.213151754517 0.13195108613 0.13195108613
10.0 9.91265985499 0.145631633521 0.221095298164 0.141659861698 0.141659861698
10.5 10.6377288667 0.151368637266 0.22903884181 0.151368637266 0.151368637266
11.0 11.3747131939 0.150927329285 0.238306309398 0.161518720814 0.161518720814
11.5 12.1249367606 0.165049184657 0.248897700927 0.172110112343 0.172110112343
12.0 12.8831038708 0.166814416578 0.250221624868 0.183142811852 0.183142811852
12.5 13.6333274375 0.166814416578 0.259930400436 0.193734203381 0.193734203381
13.0 14.4029685552 0.16813834052 0.267432636102 0.20476690289 0.20476690289
13.5 15.1898206842 0.185349351754 0.261254324377 0.21624091038 0.21624091038
14.0 15.9682879616 0.174316652245 0.281113183493 0.227714917869 0.227714917869
