6.0 4.37099226158 4.44791665563 4.31243951874 0.0706092768586
6.5 4.96405723023 5.04067712178 4.90370836392 0.0789941284856
7.0 5.55365351816 5.63847732507 5.4943417256 0.0869376721322
7.5 6.16435315371 6.25096867102 6.10022669108 0.0957638317395
8.0 6.77162382625 6.86068860285 6.71777542649 0.104148683366
8.5 7.4169793775 7.50166196585 7.36373998275 0.113416150954
9.0 8.05603305079 8.1457068324 8.00436471245 0.122683618542
9.5 8.70409381996 8.79173758486 8.65937166923 0.13195108613
10.0 9.35356677466 9.43781246812 9.31256926329 0.141659861698
10.5 10.0191033399 10.0947876585 9.98198933871 0.151368637266
11.0 10.694039765 10.7715334464 10.6668551934 0.161518720814
11.5 11.3785525734 11.4543251536 11.3482788459 0.172110112343
12.0 12.0705234866 12.1349544517 12.0479726488 0.183142811852
12.5 12.7537565018 12.815760273 12.7412233551 0.193734203381
13.0 13.4509348492 13.5083931482 13.4480663473 0.20476690289
13.5 14.165059423 14.2032766941 14.1553065166 0.21624091038
14.0 14.8677982509 14.912370357 14.8801990052 0.227714917869
