# 5.0 3.5467922382 0.166814416578 0.123124926522 0.0586939613887 0.0586939613887
# 5.5 4.14961893939 0.193734203381 0.137688089874 0.0666375050353 0.0666375050353
# 6.0 4.78377850717 0.215358294419 0.154016485148 0.0745810486819 0.0745810486819
# linearly interpolated from 6 and 6.5. Uncertainty same as 6.5
6.4 5.299         0.234          0.170          0.08099         0.08099
6.5 5.42808815851 0.239630233339 0.174316652245 0.0829659003089 0.0829659003089
7.0 6.09225666896 0.265667404181 0.191086355499 0.0917920599162 0.0917920599162
7.5 6.77672534651 0.287732803199 0.218888758262 0.101059527504 0.101059527504
8.0 7.45192655647 0.317300437883 0.243602005162 0.109885687111 0.109885687111
8.5 8.17346510437 0.343778916705 0.274934871768 0.119594462679 0.119594462679
9.0 8.87470348517 0.381731403017 0.297441578767 0.128861930267 0.128861930267
10.5 11.102867478 0.499119325794 0.384379250899 0.159753488893 0.159753488893
11.5 12.6183190826 0.589587461769 0.446603676131 0.181377579931 0.181377579931
12.0 13.396345052 0.631953027885 0.477936542737 0.19241027944 0.19241027944
12.5 14.1703992496 0.679172981784 0.514123797127 0.203884286929 0.203884286929
13.0 14.9788754696 0.716684160115 0.556930671222 0.215799602399 0.215799602399
13.5 15.7480752794 0.767434577857 0.580761302162 0.227273609889 0.227273609889
14.0 16.5671428909 0.818184995599 0.619596404434 0.239630233339 0.239630233339
# Linearly inperpolated from 14 and 14.5, using same uncertainty as 14.5
14.1 16.724        0.826          0.625          0.242          0.242
#14.5 17.35178848 0.864522333538 0.654459734883 0.251545548809 0.251545548809
